id,inst_f1,chord_f1,time_sig_acc,pitch_oa,velocity_oa,duration_oa,chroma_sim,groove_sim,note_density_nrmse
0,0.9011424,0.5443021,1.0000000,0.6659696,0.6587694,0.3693115,0.8904309,0.6022700,0.3682861
1,0.9551036,0.1970629,1.0000000,0.8976676,0.6501903,0.4078641,0.6106496,0.6775611,0.1536323
2,0.8680045,0.7271574,0.9687500,0.8693071,0.5869411,0.2132439,0.5717770,0.5277097,0.5488793
3,0.7253818,0.3013787,1.0000000,0.6819840,0.8747985,0.5001505,0.5356825,0.5481355,0.4753333
4,1.0000000,0.8343690,1.0000000,0.7906642,0.4927429,0.3051968,0.5507045,0.6549047,0.5929584
5,1.0000000,0.3078550,1.0000000,0.5952865,0.5402908,0.2442765,0.9437295,0.6094251,0.1154705
6,0.8144070,0.1836651,1.0000000,0.5500889,0.7507732,0.5461479,0.7851061,0.5261968,0.6621452
7,1.0000000,0.6913699,1.0000000,0.8815751,0.6793840,0.8132994,0.4409839,0.5806927,0.3799290
8,0.9904485,0.5989231,1.0000000,0.4510988,0.7249806,0.7228648,0.6241775,0.5885532,0.2029785
9,0.9606797,0.4297701,1.0000000,0.8843369,0.5242318,0.2480767,0.8304356,0.7806596,0.3388622
10,0.9806117,0.0499336,0.9687500,0.7600612,0.5624605,0.7269198,0.6312617,0.6160542,0.5004739
11,0.9557860,0.3619977,1.0000000,0.5671075,0.7454100,0.4074851,0.7631323,0.7080100,0.3585987
12,1.0000000,0.6253083,1.0000000,0.7261739,0.7209838,0.3825046,0.8217702,0.6658946,0.6748061
13,0.7254007,1.0000000,1.0000000,0.9182420,0.5477730,0.4572647,0.7632252,0.6051892,0.3429272
14,0.9864674,0.8528684,1.0000000,0.7595862,0.4884359,0.5613017,0.8053892,0.3248365,0.3602263
15,0.6564148,0.6483218,1.0000000,0.7883877,0.7110390,0.5782324,0.7463477,0.6313929,0.2834045
16,0.9286306,0.6399053,1.0000000,0.7252954,0.9075974,0.3210526,0.5160598,0.6611692,0.1207734
17,1.0000000,0.5268537,1.0000000,0.4915060,0.4366141,0.6046515,0.5109957,0.7429489,0.4496369
18,0.9893267,0.2500838,1.0000000,0.4244051,0.4583524,0.4215443,0.7308138,0.5759397,0.4341162
19,0.7871234,0.5817116,0.9687500,0.7540506,0.6034161,0.3673988,0.8892675,0.5964909,0.5352462
20,0.9496139,0.5086760,1.0000000,0.8407877,0.5423177,0.5312736,0.7238378,0.5851318,0.5045590
21,1.0000000,0.3561687,1.0000000,0.7798447,0.6742074,0.6048383,0.8283359,0.5688398,0.3064811
22,1.0000000,1.0000000,0.9687500,0.7428086,0.3672022,0.6989613,0.6456805,0.6786949,0.2916409
23,0.9863985,0.5651147,1.0000000,0.8786917,0.5346179,0.6614690,0.7656858,0.6835306,0.4920722
24,1.0000000,0.8258737,0.9687500,0.8100247,0.5728831,0.4351172,0.5858367,0.7283570,0.6775530
25,0.9769985,0.3486878,1.0000000,0.7486022,0.5079196,0.6063009,0.9098369,0.6567893,0.4758298
26,0.5899564,0.1927536,1.0000000,0.4609484,0.4469628,0.6528734,0.7864926,0.6429862,0.7317702
27,0.8723382,0.4468185,1.0000000,0.7458189,0.6244042,0.6870373,0.8719578,0.8127914,0.3591590
28,0.8409676,1.0000000,0.9687500,0.7111246,0.7885592,0.3232220,0.7597989,0.5874349,0.2765190
29,0.7639017,1.0000000,1.0000000,0.5855663,0.8716496,0.2490946,0.6686048,0.5601592,0.4030926
30,1.0000000,0.1266719,1.0000000,0.6936400,0.5262545,0.3403996,0.5081031,0.4727565,0.3453379
31,0.9890454,0.2487779,1.0000000,0.8215764,0.4233907,0.5710909,0.6583016,0.2762270,0.4095248
32,0.9470280,0.5032598,1.0000000,0.6657383,0.6716472,0.8219355,0.5664853,0.6476044,0.6562820
33,1.0000000,0.5583241,1.0000000,0.7111164,0.6031673,0.4277650,0.5035821,0.3422055,0.1964929
34,0.9690112,0.5995204,1.0000000,0.6549543,0.6228561,0.5712464,0.5683276,0.5189628,0.2042647
35,0.9897870,0.7095249,1.0000000,0.4791467,0.8338921,0.5546684,0.7495336,0.5851820,0.3149882
36,1.0000000,0.4691134,0.9687500,0.8200900,0.7171189,0.3720447,0.7182292,0.6039556,0.2805903
37,0.8443062,0.4649601,1.0000000,0.7336632,0.8338552,0.4359762,0.6498467,0.3972958,0.2414285
38,0.9671362,0.4486482,1.0000000,0.6570997,0.6714840,0.2612682,0.5612249,0.5449270,0.3879690
39,0.9509352,0.3862005,1.0000000,0.7905041,0.8467892,0.3013893,0.7309148,0.5150475,0.3561212
40,0.9571683,0.6304965,1.0000000,0.8165185,0.7371231,0.4478862,0.4530626,0.7486556,0.2449138
41,0.9889802,0.7699328,0.9687500,0.8680003,0.7775440,0.2797584,0.8492935,0.7592096,0.3531988
42,1.0000000,0.4588219,1.0000000,0.5992449,0.7136044,0.5712464,0.7383386,0.4280172,0.2609369
43,0.9815618,0.4753602,0.9687500,0.8759070,0.6221169,0.6786328,0.6661914,0.8677521,0.2330782
44,0.9060195,0.1051400,1.0000000,0.9181713,0.5522531,0.3451045,0.6056333,0.4864879,0.2557449
45,0.9317985,0.1620339,1.0000000,0.9079627,0.5942192,0.5196475,0.6132399,0.4489213,0.2994633
46,0.9609428,0.6977820,1.0000000,0.9235105,0.7023442,0.3268889,0.5810356,0.7184482,0.2983568
47,0.9817363,0.3690581,0.9687500,0.7981497,0.7498207,0.5607613,0.5787109,0.8732485,0.4518352
48,0.9443282,1.0000000,1.0000000,0.7430857,0.7497875,0.5849523,0.7531513,0.3935803,0.4549934
49,1.0000000,0.5838341,1.0000000,0.7898985,0.6422572,0.4069054,0.5007504,0.6365698,0.4696646
50,1.0000000,0.4871183,0.9687500,0.8553111,0.6061967,0.7424431,0.7562663,0.5447430,0.3880003
51,0.8588605,0.4137573,1.0000000,0.4592372,0.5477201,0.6461355,0.5705975,0.7949626,0.1794557
52,0.9902301,0.3526178,1.0000000,0.8204213,0.7123867,0.3464206,0.7714544,0.2521712,0.4651204
53,0.9904246,0.3791813,1.0000000,0.7165368,0.8074138,0.2699243,0.5319867,0.3143926,0.3259803
54,1.0000000,1.0000000,1.0000000,0.7517078,0.5718417,0.7423823,0.9194995,0.7195669,0.1958177
55,0.9398305,0.7741128,1.0000000,0.8230587,0.5908022,0.5286860,0.9322215,0.7310026,0.5799360
56,0.9658766,0.2188628,1.0000000,0.8388765,0.6426093,0.5096246,0.8037270,0.1955342,0.5075313
57,0.9477024,0.4397367,1.0000000,0.4693382,0.8830289,0.3330135,0.8486669,0.6447623,0.4331472
58,0.8346552,0.3200696,1.0000000,0.6077005,0.5465688,0.7487673,0.6893084,0.5692955,0.3544137
59,0.8995573,0.3387074,1.0000000,0.6491400,0.6552428,0.7328329,0.6645139,0.4848518,0.2175966
60,0.9830380,1.0000000,1.0000000,0.6211339,0.7984748,0.3147673,0.7841042,0.5443136,0.3540530
61,0.8046268,0.4841891,0.9687500,0.7111257,0.7983459,0.6946332,0.6580287,0.4496150,0.4564740
62,1.0000000,0.3487534,0.9687500,0.7603002,0.8309805,0.3160126,0.8428817,0.8080333,0.2487900
63,1.0000000,0.6086721,1.0000000,0.6882165,0.3443797,0.5996248,0.7096518,0.3071291,0.5228223
64,0.9039380,1.0000000,0.9687500,0.7814374,0.5851903,0.5993043,0.7603371,0.4790131,0.3749536
65,0.7896852,1.0000000,1.0000000,0.8230792,0.8573705,0.3515897,0.8784430,0.6467176,0.4437137
66,1.0000000,0.4570057,1.0000000,0.7221093,0.9079584,0.5273544,0.8100440,0.4766097,0.4819288
67,1.0000000,0.4146333,1.0000000,0.7909223,0.8176453,0.4761362,0.7909716,0.4792858,0.3570893
68,1.0000000,0.6403969,1.0000000,0.8558464,0.6536799,0.5332875,0.6777011,0.6983339,0.4822849
69,1.0000000,0.2843374,0.9687500,0.7634575,0.4641555,0.4751411,0.5506463,0.7035148,0.5159795
70,0.8564559,0.4132030,1.0000000,0.7356218,0.7323194,0.4691868,0.8009122,0.5784412,0.5679212
71,0.9236021,0.6557697,0.9375000,0.8266334,0.9376831,0.3332402,0.8457553,0.3945823,0.4198487
72,0.9146377,0.6351585,0.9375000,0.7696544,0.3757999,0.8554616,0.6232012,0.4164723,0.2374691
73,0.7948452,1.0000000,1.0000000,0.8553213,0.6747393,0.4434963,0.7895026,0.7850017,0.6545018
74,0.7794662,1.0000000,1.0000000,0.6795649,0.4876040,0.3470679,0.7181199,0.3974997,0.4344398
75,0.9568279,0.6639219,1.0000000,0.8112472,0.4786439,0.5089128,0.8540738,0.5827164,0.2671625
76,0.8519385,0.3857991,1.0000000,0.7480171,0.4302291,0.3317182,0.6630767,0.4881677,0.4116130
77,1.0000000,1.0000000,1.0000000,0.5234126,0.4586484,0.8735099,0.8356192,0.8434122,0.4211086
78,0.8551373,0.4611224,1.0000000,0.9338955,0.6907585,0.5086672,0.8435389,0.4845237,0.2781775
79,0.7105690,0.1097594,1.0000000,0.6132545,0.6120333,0.5836735,0.8880288,0.6064064,0.1674928
80,0.9077629,0.6858788,0.9687500,0.6979043,0.5165970,0.7621398,0.8526100,0.4449126,0.2439086
81,0.9381679,0.4187994,1.0000000,0.8366281,0.8294339,0.2926294,0.6116407,0.7914428,0.1392973
82,0.9120376,0.8381582,1.0000000,0.8309719,0.4765010,0.4875144,0.6963886,0.5931798,0.2108261
83,1.0000000,0.1609254,1.0000000,0.7854418,0.5982242,0.5150064,0.8197733,0.6449163,0.3371253
84,1.0000000,0.3673943,1.0000000,0.6082648,0.7632976,0.5699107,0.7358538,0.7548699,0.4161275
85,0.9563118,0.6477913,1.0000000,0.9353496,0.5502786,0.5372920,0.4783096,0.4092355,0.3655804
86,1.0000000,0.5926031,0.9375000,0.5975610,0.5579514,0.6241455,0.4675730,0.5871916,0.3872019
87,0.9898909,0.3254089,0.9687500,0.8374661,0.5804491,0.4771562,0.6410778,0.3263388,0.4458042
88,0.9430247,0.2489119,1.0000000,0.8505267,0.5935469,0.6029958,0.5739224,0.4702161,0.7085639
89,0.9848011,0.6195443,1.0000000,0.7076077,0.2613218,0.3147847,0.6865059,0.5178707,0.4385799
90,0.9881411,0.5788069,0.9375000,0.7824553,0.6210421,0.4216594,0.9413943,0.4818031,0.1698751
91,0.9058827,0.5403271,1.0000000,0.4879235,0.4526264,0.5410578,0.8573746,0.6287399,0.1489960
92,0.9482520,0.5301884,1.0000000,0.7725173,0.7582670,0.6484086,0.8741259,0.2740031,0.2007046
93,0.6600927,0.5248234,0.9687500,0.5996575,0.4838242,0.2383316,0.8804190,0.5072547,0.2711362
94,0.9580171,0.0402231,0.9687500,0.9113812,0.5182591,0.2528453,0.6389588,0.4060700,0.4990978
95,0.8545134,1.0000000,1.0000000,0.7679044,0.6785372,0.2697651,0.8396854,0.5729222,0.2132655
96,0.9726675,0.5051530,1.0000000,0.8173537,0.7077757,0.6079929,0.8827780,0.5877145,0.4894447
97,0.7380972,0.0107978,1.0000000,0.7119515,0.7463186,0.6180550,0.7885199,0.6622557,0.1464865
98,0.9099718,1.0000000,1.0000000,0.5702048,0.7492153,0.3767502,0.6051618,0.4344250,0.5571358
99,0.6862210,0.6517393,1.0000000,0.5213211,0.3504772,0.3271185,0.5096694,0.5066490,0.5438378
100,1.0000000,1.0000000,1.0000000,0.7994961,0.7629274,0.1365110,0.7268134,0.6981302,0.4139575
101,0.9781861,1.0000000,1.0000000,0.9108100,0.6473982,0.3706450,0.8648347,0.7105138,0.3702721
102,0.9906002,0.3827908,1.0000000,0.7577310,0.4648378,0.6797928,0.8068068,0.6201333,0.7708823
103,0.9744819,0.4533266,1.0000000,0.6968934,0.8351119,0.3580957,0.7157404,0.6691460,0.2650562
104,1.0000000,0.4432248,1.0000000,0.8571880,0.8551231,0.3626509,0.6156399,0.4709315,0.7331153
105,0.8768663,0.4764214,0.9375000,0.6192211,0.7646529,0.5001897,0.6159870,0.6753411,0.5237184
106,0.9846829,0.7774876,0.9687500,0.8537729,0.6745714,0.1828693,0.6240486,0.5959127,0.4041849
107,0.9302878,0.0886898,1.0000000,0.7012108,0.4564426,0.6722845,0.7240850,0.4902069,0.3124358
108,0.7175839,0.6457448,1.0000000,0.8625673,0.5793801,0.4123467,0.8927471,0.7284136,0.3525857
109,0.7390315,0.3665010,0.9687500,0.8046694,0.8691766,0.2062159,0.7490226,0.8054487,0.3684883
110,0.9513381,1.0000000,1.0000000,0.7882363,0.6718184,0.5388459,0.8389643,0.4448322,0.4327075
111,0.9507523,0.5965500,1.0000000,0.9312825,0.7834480,0.4259159,0.6678548,0.8305292,0.5557564
112,0.9901903,1.0000000,0.9687500,0.7201553,0.8206754,0.6149910,0.7590258,0.4273457,0.3488114
113,0.9077795,0.5330400,1.0000000,0.7468821,0.7850615,0.4628033,0.7310268,0.5251803,0.5196566
114,1.0000000,0.6148176,1.0000000,0.5503021,0.6509674,0.3636936,0.6049207,0.8262778,0.3974346
115,1.0000000,0.4021630,1.0000000,0.7962647,0.7730687,0.7363636,0.7692787,0.6429375,0.1727076
116,0.9829494,0.7896096,1.0000000,0.6010319,0.4380830,0.2881788,0.4917717,0.6520793,0.0972456
117,0.8792138,0.2495008,1.0000000,0.8288906,0.5235454,0.4709200,0.7768290,0.5625870,0.5428998
118,0.9379752,0.3412992,0.9687500,0.7737304,0.7962027,0.4736849,0.6361496,0.5204334,0.2958720
119,0.9617958,0.7961535,1.0000000,0.4914226,0.7680730,0.5964355,0.8588795,0.7311928,0.2354697
120,1.0000000,0.1467310,0.9687500,0.6436063,0.3674034,0.6399154,0.8827881,0.6441561,0.3802451
121,0.9659448,0.7136019,0.9687500,0.8735471,0.6590619,0.4484273,0.8831350,0.7282789,0.6248970
122,0.9268569,0.5478696,1.0000000,0.7628098,0.3820480,0.5575147,0.7485622,0.8492234,0.4280682
123,0.8545590,0.6876603,0.9687500,0.7414784,0.4585082,0.3712815,0.9195810,0.5472994,0.5358197
124,0.9433452,0.3846968,0.9687500,0.7655700,0.4444553,0.2471300,0.8413402,0.7549641,0.5108816
125,0.8960055,0.6058071,0.9687500,0.8658924,0.5257824,0.3742684,0.6143922,0.4522863,0.3274583
126,0.9616810,0.3778318,1.0000000,0.5589571,0.7106309,0.5117909,0.6210986,0.5199803,0.5636218
127,0.8502792,0.3572679,1.0000000,0.7295612,0.7821934,0.3967810,0.5458869,0.5681616,0.1865215
128,0.9615254,0.6903260,1.0000000,0.6346457,0.6516277,0.7012575,0.7128823,0.7416848,0.6116133
129,0.9809077,1.0000000,1.0000000,0.5580844,0.5575033,0.1851999,0.7564092,0.4747384,0.3761439
130,1.0000000,0.1689072,1.0000000,0.8410949,0.5373064,0.4217944,0.8416000,0.6919614,0.4781127
131,0.9817733,0.3981941,1.0000000,0.7732395,0.5310831,0.3712410,0.5869235,0.4461099,0.4073086
132,0.9478256,0.5919381,1.0000000,0.9345066,0.8683621,0.2208633,0.6948071,0.7667412,0.4888356
133,0.9335876,0.6699216,0.9687500,0.6925350,0.5722408,0.5001840,0.6182247,0.4671596,0.1257007
134,0.9855080,0.4103556,1.0000000,0.7719873,0.7817733,0.7154155,0.7725580,0.5111608,0.1876213
135,1.0000000,0.6109530,0.9687500,0.7172942,0.6643935,0.5428376,0.5849685,0.4321113,0.2976957
136,0.7640901,0.3751329,1.0000000,0.9156584,0.6155534,0.4692713,0.5240643,0.6526710,0.4250065
137,0.9773577,0.6127302,1.0000000,0.7850095,0.4446461,0.5659477,0.6179456,0.7947020,0.3733920
138,1.0000000,0.7412795,0.9375000,0.8342915,0.6511626,0.5644216,0.6098520,0.5844513,0.4667767
139,0.9683231,0.3054565,0.9687500,0.7650663,0.7711793,0.2724603,0.7599482,0.7490951,0.5074376
140,0.9001721,0.1202876,1.0000000,0.8663481,0.4603389,0.5937684,0.7726368,0.3679137,0.3103198
141,0.9328385,0.0581418,1.0000000,0.6407162,0.5279693,0.4964643,0.3033915,0.5864407,0.3933931
142,0.8642499,0.4166434,1.0000000,0.8935163,0.4655030,0.3401319,0.6064564,0.3915712,0.2065859
143,1.0000000,0.3631190,0.9687500,0.5608300,0.5620945,0.3050605,0.6497367,0.6307276,0.5123414
144,0.9888732,0.2175506,0.9687500,0.7407919,0.4528868,0.5269053,0.6649137,0.5846555,0.1742999
145,0.9904460,0.3977613,1.0000000,0.7534225,0.4864319,0.5846508,0.7036795,0.5876344,0.3882758
146,1.0000000,1.0000000,1.0000000,0.7648190,0.5712950,0.3426696,0.8075589,0.7115973,0.4288710
147,1.0000000,0.7239823,0.9687500,0.8134129,0.4568074,0.6495542,0.6285843,0.6686149,0.1603911
148,0.9883135,0.6475219,0.9687500,0.7125166,0.4071176,0.3879640,0.5526098,0.6031040,0.2609371
149,0.9614619,0.2005602,0.9687500,0.8899581,0.4316426,0.4608212,0.6878599,0.6415746,0.2569492
150,0.9669623,1.0000000,0.9687500,0.6941991,0.6480969,0.5565917,0.7592250,0.6649584,0.1598082
151,1.0000000,0.7252252,1.0000000,0.6029575,0.5918245,0.4374462,0.7427076,0.4976773,0.5366395
152,0.7985783,0.5523649,0.9375000,0.9225677,0.6117969,0.3129953,0.5311647,0.5207458,0.5061375
153,1.0000000,0.2659707,1.0000000,0.9176960,0.6886022,0.4463804,0.7317627,0.3206977,0.5470625
154,0.9883487,0.2685149,0.9375000,0.5064205,0.7728479,0.5946300,0.8067719,0.6555478,0.2244773
155,0.9766573,0.4355396,1.0000000,0.5977368,0.7962313,0.5146519,0.5418938,0.4520344,0.4256193
156,0.9695127,1.0000000,1.0000000,0.5899649,0.7969582,0.5957761,0.4563204,0.6864860,0.3186272
157,0.9721574,0.4007881,1.0000000,0.6866903,0.8596221,0.4017977,0.8300615,0.7460858,0.3495115
158,0.9277431,1.0000000,1.0000000,0.8737720,0.7713496,0.6990866,0.7109416,0.4630477,0.4934491
159,0.9902558,1.0000000,1.0000000,0.9188364,0.6892260,0.6916850,0.7274558,0.3146299,0.3376276
160,0.9413783,0.0228858,1.0000000,0.7723544,0.5077708,0.7293684,0.6133919,0.7251718,0.6345042
161,0.9260733,0.5661794,1.0000000,0.7441843,0.3337153,0.4770585,0.3945831,0.5929774,0.3230346
162,0.9677638,0.2013861,1.0000000,0.3832868,0.6769883,0.5067146,0.8690409,0.6751385,0.4183615
163,0.9740077,0.1038771,1.0000000,0.5052194,0.6176923,0.4538182,0.8161142,0.6036981,0.3948801
164,0.9767922,0.3991667,1.0000000,0.5343527,0.3931609,0.2789265,0.6991338,0.5194666,0.1928861
165,0.8737385,0.5286222,0.9375000,0.9583203,0.3383665,0.4819983,0.7793974,0.2031817,0.5684866
166,1.0000000,0.4990731,1.0000000,0.8053122,0.7561729,0.7347356,0.8278432,0.6524995,0.3215092
167,0.9479343,0.6511152,1.0000000,0.9445467,0.5915355,0.3468815,0.7514444,0.6247347,0.4144967
168,0.9688235,0.3767546,1.0000000,0.8115435,0.7827438,0.6399737,0.6873932,0.6708082,0.6101287
169,0.9908078,1.0000000,1.0000000,0.6471393,0.4713517,0.3044055,0.7656285,0.6675713,0.1316651
170,0.9147923,1.0000000,0.9687500,0.7878488,0.6269424,0.2410273,0.6532022,0.6922289,0.3387864
171,0.9900945,1.0000000,1.0000000,0.5531190,0.6971521,0.5313895,0.6768618,0.6566509,0.2560282
172,0.9117784,1.0000000,1.0000000,0.8831911,0.7208892,0.4121612,0.7340039,0.3974202,0.4827446
173,1.0000000,0.2028912,1.0000000,0.8468656,0.2546067,0.6006089,0.4027021,0.5067890,0.3661076
174,1.0000000,0.7025340,1.0000000,0.7675630,0.4328702,0.2973445,0.3759634,0.4191798,0.4242665
175,0.9905180,0.6508324,1.0000000,0.9160465,0.5766446,0.2404983,0.8608524,0.5628211,0.2694248
176,0.9656796,0.6852949,1.0000000,0.7702696,0.7541975,0.8526677,0.8091590,0.3718744,0.2245442
177,1.0000000,0.8152116,1.0000000,0.8591689,0.3677063,0.4781171,0.5160640,0.6210665,0.3681829
178,0.9839232,0.4108938,0.9687500,0.7667168,0.5267370,0.1842399,0.7051380,0.5519136,0.4731448
179,0.9858053,1.0000000,1.0000000,0.7549595,0.6765902,0.4059482,0.7382777,0.5366811,0.6309474
180,0.8776399,1.0000000,1.0000000,0.6649085,0.5639236,0.2866984,0.6322297,0.7351411,0.1808817
181,1.0000000,0.5642257,1.0000000,0.6632555,0.6608441,0.5280509,0.7961593,0.8070793,0.3329489
182,0.9502277,0.2802975,1.0000000,0.8537897,0.7574839,0.5870951,0.8081804,0.6470631,0.4549136
183,1.0000000,0.3387114,1.0000000,0.5478269,0.7818345,0.7704621,0.4426617,0.7494016,0.5586485
184,0.9009022,1.0000000,1.0000000,0.7593100,0.4995198,0.3132234,0.7315344,0.4705081,0.2735841
185,0.9533963,1.0000000,1.0000000,0.7234295,0.6894963,0.5700611,0.9155882,0.7885611,0.1882533
186,1.0000000,0.5761311,1.0000000,0.7482723,0.3309829,0.4508560,0.8370423,0.5011953,0.2356220
187,0.9774468,0.0479344,1.0000000,0.7811312,0.7700639,0.3481968,0.3324193,0.4981938,0.1161157
188,1.0000000,0.3595171,0.9687500,0.8731731,0.4167490,0.4625200,0.7805662,0.5263708,0.2730830
189,0.8093990,0.0081638,1.0000000,0.5911424,0.7604768,0.5708106,0.6120394,0.5102529,0.4091053
190,0.8713237,0.3655268,1.0000000,0.8191490,0.7503290,0.3755356,0.5603398,0.5180373,0.5449485
191,0.9401781,0.5348699,1.0000000,0.8471944,0.4740511,0.5202640,0.6449401,0.5222931,0.4406125
192,0.9899506,0.4883341,1.0000000,0.8359389,0.7710654,0.3728467,0.8646550,0.4863610,0.1844562
193,0.9787741,1.0000000,0.9375000,0.5370105,0.6199381,0.4386596,0.9239057,0.5592952,0.2521926
194,1.0000000,0.4660372,0.9687500,0.8603481,0.8799634,0.4391170,0.6514043,0.7785541,0.3247581
195,1.0000000,0.7286922,1.0000000,0.8328403,0.8020245,0.8055109,0.5573606,0.4524839,0.3622818
196,1.0000000,0.3600592,1.0000000,0.5690603,0.7912378,0.6751439,0.6476436,0.3192329,0.3456390
197,0.9791865,0.5089296,1.0000000,0.6069628,0.8203984,0.6331862,0.8801369,0.3296024,0.4551084
198,1.0000000,0.6774264,1.0000000,0.4882384,0.6021334,0.3080519,0.7441353,0.5360659,0.2701969
199,1.0000000,0.6845757,1.0000000,0.5814954,0.2633782,0.3879375,0.8694607,0.6467944,0.1089471
200,0.9842331,0.3322552,1.0000000,0.8561260,0.4539758,0.4291966,0.7924433,0.3524705,0.3804708
201,1.0000000,0.6694853,1.0000000,0.6826496,0.6882831,0.7240442,0.2949759,0.7021898,0.4257963
202,1.0000000,1.0000000,1.0000000,0.6759169,0.4990905,0.6399709,0.6513752,0.6447965,0.8028512
203,0.6915947,0.3363419,1.0000000,0.8010877,0.5603033,0.2529996,0.7461182,0.4160311,0.2215589
204,0.9070133,1.0000000,0.9687500,0.7445667,0.6007855,0.4668159,0.8261085,0.6801845,0.4315375
205,0.9599404,0.2983693,1.0000000,0.5656868,0.6439102,0.5929761,0.9005411,0.6254375,0.2387892
206,1.0000000,0.6533029,1.0000000,0.7285111,0.4394416,0.4141135,0.7816928,0.5871973,0.1597651
207,1.0000000,0.6496205,0.9687500,0.7889269,0.8596020,0.2626385,0.7893151,0.5126166,0.3188620
208,0.9871381,1.0000000,0.9687500,0.7356803,0.4566158,0.5487191,0.7118803,0.7976503,0.1602171
209,0.9527138,0.3181154,1.0000000,0.6746987,0.5574038,0.3803394,0.8068163,0.8262895,0.4125921
210,0.8668623,1.0000000,1.0000000,0.6105976,0.5619590,0.4708059,0.7092451,0.4022824,0.4532446
211,1.0000000,1.0000000,0.9375000,0.9285822,0.4243315,0.5979538,0.8133207,0.8294656,0.6578474
212,0.9902074,1.0000000,1.0000000,0.7488308,0.7957930,0.3339684,0.8093153,0.5015694,0.5702789
213,0.9632549,0.8010457,1.0000000,0.8421239,0.7509484,0.4922515,0.7094088,0.4952690,0.8328567
214,0.8676032,0.0789003,1.0000000,0.8049425,0.5649190,0.6508246,0.7789515,0.2478327,0.2423081
215,0.8108227,0.6314204,1.0000000,0.9030568,0.7586697,0.6599872,0.8406998,0.7520663,0.2181943
216,0.8977500,0.6428789,1.0000000,0.7484741,0.6243935,0.6146333,0.6755894,0.5022623,0.2731337
217,0.9510967,0.5569083,0.9375000,0.7437302,0.6350819,0.3925830,0.5633377,0.3962990,0.2122947
218,1.0000000,1.0000000,1.0000000,0.8296659,0.4489684,0.3147950,0.6883625,0.5880039,0.4730367
219,0.9018601,0.2015308,0.9687500,0.7678433,0.6972957,0.5220252,0.6752081,0.6470289,0.3216631
220,0.9781215,0.4358220,0.9687500,0.9716169,0.5939948,0.6897012,0.5931997,0.5456659,0.1783488
221,0.9594765,0.3840329,1.0000000,0.5238236,0.5883772,0.5828229,0.7959701,0.4558110,0.1723059
222,0.9850073,0.5685673,0.9687500,0.6644496,0.7206535,0.1624002,0.9289817,0.8486675,0.4181440
223,0.9605019,0.5570847,1.0000000,0.8423271,0.7577720,0.4366560,0.5931160,0.4571991,0.7017188
224,1.0000000,0.2070080,0.9687500,0.6611686,0.4403901,0.6670946,0.7434453,0.4797982,0.2895898
225,0.8688922,0.2294956,0.9375000,0.8818522,0.7375844,0.7200033,0.8134413,0.5717588,0.3865793
226,0.9429526,0.4599179,1.0000000,0.6285504,0.5433672,0.3822605,0.5188807,0.5863681,0.1597632
227,0.8759964,0.0558415,1.0000000,0.6952502,0.8222336,0.5636055,0.7901894,0.6309755,0.2115534
228,0.8387098,0.4038314,1.0000000,0.9306510,0.6318128,0.4594968,0.5981881,0.4623183,0.1893702
229,0.9052974,0.5640565,1.0000000,0.7228091,0.6396869,0.2684844,0.8876767,0.4484057,0.3100349
230,0.9753949,0.7367370,0.9687500,0.7298301,0.3938067,0.7257091,0.4988394,0.2943775,0.4214916
231,1.0000000,0.3909300,0.9687500,0.7595261,0.7312794,0.5511447,0.8052389,0.5496929,0.4186215
232,0.9892712,0.5073509,1.0000000,0.4483307,0.6656694,0.6807185,0.7262665,0.5348063,0.4873800
233,1.0000000,0.7235609,1.0000000,0.7283405,0.7785096,0.7981128,0.6075904,0.7167589,0.2918672
234,0.9204484,0.4073672,0.9687500,0.8544345,0.5760313,0.1540119,0.6381481,0.6641973,0.2859144
235,0.9835119,0.5950873,1.0000000,0.7061663,0.5680119,0.4526456,0.3338633,0.5490044,0.3956367
236,0.9382500,0.5273326,0.9687500,0.6678385,0.7333080,0.7611346,0.6951303,0.7833411,0.2397822
237,0.8384929,0.7017951,1.0000000,0.6196077,0.6597806,0.3486151,0.7859026,0.5715809,0.1280974
238,1.0000000,0.5223916,0.9687500,0.7897684,0.7733901,0.7460361,0.8661225,0.4645218,0.1447743
239,0.8268869,0.0702654,1.0000000,0.8558322,0.6000739,0.7348164,0.7670621,0.5493465,0.5462497
240,1.0000000,0.3866335,1.0000000,0.9468062,0.6997559,0.4338183,0.9013110,0.4150614,0.2333710
241,0.9359554,0.0838690,1.0000000,0.7358667,0.7013645,0.4843054,0.7607358,0.5612427,0.3608233
242,0.7485230,0.3347298,1.0000000,0.4751837,0.8082958,0.5643908,0.7406019,0.7147747,0.3047076
243,1.0000000,0.4275476,0.9687500,0.8710370,0.6086435,0.5188071,0.6593891,0.6011524,0.2295786
244,0.9783520,0.8275380,1.0000000,0.9243870,0.8371367,0.6478918,0.6136062,0.3781478,0.2566661
245,0.8925864,1.0000000,1.0000000,0.9418688,0.4427321,0.5527579,0.4176848,0.2273501,0.2435852
246,1.0000000,1.0000000,1.0000000,0.8963592,0.4706133,0.3242055,0.7610283,0.7565012,0.2763708
247,0.7106823,0.4426119,1.0000000,0.4804792,0.6645639,0.5891084,0.9129195,0.8506499,0.4678323
248,0.8914108,0.7098886,1.0000000,0.8195769,0.6639995,0.6520877,0.2943428,0.3929301,0.0771477
249,0.9536263,0.2039395,1.0000000,0.5801461,0.5704735,0.4275999,0.6926264,0.3632121,0.1261286
250,0.7016318,0.1103835,1.0000000,0.7381222,0.8280245,0.6265545,0.4763213,0.5286422,0.3349538
251,0.8269184,0.3723512,0.9687500,0.7047526,0.7354359,0.1838175,0.6355221,0.5948082,0.4349061
252,1.0000000,0.7330243,1.0000000,0.9101658,0.5842793,0.6467322,0.7502523,0.4203944,0.6175695
253,0.9907858,0.6370649,1.0000000,0.8635707,0.8763037,0.4446175,0.8366851,0.6304761,0.2596103
254,0.8991377,0.4076101,1.0000000,0.8613372,0.8274890,0.5924360,0.7382075,0.5354342,0.4962135
255,0.7876324,0.2639151,1.0000000,0.6170237,0.2912641,0.7106195,0.5843605,0.1241544,0.3800329
256,0.8935919,0.4416776,1.0000000,0.5404253,0.8176391,0.5201875,0.7436011,0.3454775,0.2143165
257,0.9513153,0.6055542,1.0000000,0.7439060,0.7642087,0.6663904,0.6382935,0.5949910,0.4698813
258,0.9854669,0.4237468,1.0000000,0.8340466,0.7806301,0.5219768,0.7907291,0.6597056,0.4747588
259,0.9899795,0.5071201,1.0000000,0.7715654,0.6673709,0.4584660,0.8398695,0.6993605,0.2062333
260,0.8643404,0.5847844,1.0000000,0.7403649,0.5751501,0.2821889,0.7621234,0.4750138,0.3972168
261,1.0000000,0.4377526,0.9687500,0.8088390,0.5824156,0.6376466,0.6566724,0.5012217,0.4895251
262,0.9881286,0.6177116,1.0000000,0.5491998,0.5260922,0.4227125,0.6666081,0.6450009,0.1617749
263,0.9831840,1.0000000,0.9687500,0.6844556,0.3811587,0.3636134,0.7750499,0.5768816,0.2456310
264,0.9655181,1.0000000,1.0000000,0.7291993,0.5239730,0.3936589,0.6718487,0.5348070,0.2514885
265,0.8346720,0.1961051,1.0000000,0.6536024,0.6647973,0.4391046,0.7546269,0.4763174,0.1494531
266,0.9448409,0.3534340,1.0000000,0.7054812,0.8276015,0.6121780,0.6621192,0.5248386,0.3031252
267,0.9844544,0.0737669,1.0000000,0.7269733,0.7528017,0.3842250,0.4980301,0.4622601,0.4534866
268,1.0000000,0.7433678,1.0000000,0.7892719,0.8278935,0.4714250,0.4744496,0.2650039,0.4247616
269,1.0000000,0.2802573,1.0000000,0.6841090,0.7978309,0.6916281,0.7225125,0.5398789,0.5052934
270,0.9899617,0.0818070,1.0000000,0.5796096,0.4562124,0.5608580,0.8844045,0.6254753,0.3036572
271,0.8902233,0.4160322,1.0000000,0.6759042,0.5341809,0.6278541,0.7978761,0.2766479,0.3210843
272,0.9816158,0.0149660,0.9687500,0.5191836,0.6010524,0.6600274,0.3203640,0.6251176,0.4200969
273,1.0000000,0.4068756,1.0000000,0.8053673,0.6866846,0.5804687,0.7827248,0.6463069,0.2738401
274,0.9901341,1.0000000,1.0000000,0.7455014,0.7601783,0.4989748,0.5717984,0.6097557,0.3104159
275,0.9697101,1.0000000,0.9375000,0.7708394,0.6540567,0.6331735,0.6296888,0.6756893,0.4809670
276,0.9205647,0.6767216,0.9687500,0.7226147,0.6011582,0.4453928,0.5993630,0.7121537,0.4859881
277,1.0000000,1.0000000,1.0000000,0.7900715,0.7501288,0.5123467,0.8406051,0.6394778,0.2418666
278,1.0000000,0.4252605,1.0000000,0.4416988,0.7262861,0.5989444,0.7009859,0.5808099,0.3948970
279,0.9476963,0.3790544,1.0000000,0.8151738,0.7042245,0.2799927,0.7113133,0.5407903,0.2849158
280,0.9344104,1.0000000,1.0000000,0.7859113,0.7000929,0.5242891,0.6371943,0.7253491,0.2877360
281,0.9852665,0.5643050,1.0000000,0.7943366,0.4312917,0.6095649,0.7288030,0.5245369,0.2663016
282,0.9756312,0.4863495,1.0000000,0.8167314,0.5672129,0.6681948,0.7325851,0.5426346,0.2931160
283,0.9837581,0.0579798,0.9687500,0.4746165,0.6615522,0.6659432,0.6858344,0.5724225,0.5147693
284,0.9806375,0.3814801,0.9687500,0.7074990,0.5114128,0.5435341,0.5800169,0.7079080,0.2689083
285,1.0000000,0.6055290,0.9687500,0.7535238,0.6163065,0.3552358,0.9048086,0.6367124,0.7464739
286,1.0000000,0.7310255,1.0000000,0.7759638,0.2858175,0.3332633,0.7943293,0.6743244,0.5104983
287,0.9051907,0.4186665,1.0000000,0.7464993,0.5574714,0.4656987,0.6610854,0.3918950,0.4164698
288,0.9570401,0.6083910,1.0000000,0.6095341,0.6476018,0.5613809,0.6531465,0.5498779,0.4018740
289,1.0000000,0.6220336,1.0000000,0.6976353,0.6983906,0.3182341,0.5255733,0.6921910,0.3880371
290,0.5689073,0.6314327,1.0000000,0.9671198,0.5538331,0.4571282,0.5633695,0.4140020,0.1725869
291,0.9143959,0.4219899,0.9687500,0.8916007,0.7095525,0.5233078,0.4859982,0.5613875,0.4142739
292,0.9628918,1.0000000,1.0000000,0.7187639,0.5789838,0.3606333,0.6909345,0.5947190,0.4765938
293,0.9323136,0.0731610,1.0000000,0.6922636,0.6006473,0.3237344,0.8919922,0.7720275,0.3072053
294,0.9788110,0.3391199,1.0000000,0.7679946,0.4775041,0.4979876,0.8168556,0.6212802,0.5414284
295,0.9886183,0.5109136,1.0000000,0.8019698,0.5177177,0.2413829,0.4265302,0.4058429,0.6268849
296,0.9784292,0.5108395,1.0000000,0.7628266,0.8157889,0.3657127,0.3852269,0.6386166,0.3754703
297,0.9907110,0.1930538,1.0000000,0.8249288,0.6733470,0.3175910,0.7293401,0.5797584,0.0785960
298,0.9049617,0.7823836,1.0000000,0.8525023,0.5741867,0.5408702,0.7417885,0.4134844,0.4781261
299,1.0000000,0.7401894,1.0000000,0.7567059,0.5430795,0.3759360,0.7710969,0.5473878,0.7025792
300,1.0000000,0.4055849,1.0000000,0.7847795,0.5991457,0.5174289,0.9288975,0.5279058,0.3500197
301,1.0000000,0.0241947,1.0000000,0.6264844,0.4898988,0.5121559,0.8924204,0.4627300,0.3995643
302,0.9304421,0.3581029,1.0000000,0.8846391,0.6078875,0.3625712,0.6685337,0.6658354,0.1928825
303,1.0000000,0.3836888,0.9687500,0.9600083,0.8618208,0.3917034,0.5994519,0.7932696,0.5754061
304,0.8453062,0.6952431,1.0000000,0.7829152,0.6298697,0.3910666,0.7155835,0.6302929,0.4542310
305,0.9688858,0.5516583,0.9375000,0.9312711,0.6022089,0.6214703,0.7440782,0.6054573,0.6538539
306,1.0000000,0.0141486,1.0000000,0.9089550,0.4255218,0.7689438,0.7210821,0.6822518,0.2654886
307,0.8224998,0.0579959,0.9687500,0.6295055,0.8150624,0.6883996,0.4699972,0.6930824,0.2557597
308,0.8980209,0.2622222,1.0000000,0.7351665,0.5864845,0.1955193,0.7809151,0.4032811,0.3506278
309,0.9907119,0.3603256,1.0000000,0.8006592,0.8502300,0.5533874,0.9688307,0.6993655,0.5739832
310,0.9878004,1.0000000,1.0000000,0.8945541,0.9162653,0.4341591,0.6555155,0.7551015,0.1260291
311,1.0000000,0.4732435,1.0000000,0.8740914,0.7033174,0.5596175,0.8522386,0.3926394,0.2489907
312,1.0000000,0.0175404,1.0000000,0.8853361,0.6012128,0.4486089,0.6470029,0.5857269,0.3347137
313,1.0000000,0.2926920,1.0000000,0.5850052,0.7815993,0.2600114,0.8370615,0.5612140,0.5366385
314,0.9906707,0.3481897,1.0000000,0.5803951,0.2859733,0.3212343,0.6433249,0.7723049,0.3942828
315,0.9907702,0.4413920,1.0000000,0.6019001,0.5969243,0.3310232,0.6495263,0.6701037,0.2055240
316,0.9391452,0.3673193,1.0000000,0.7365528,0.7121033,0.2756938,0.6913065,0.6805255,0.1769612
317,1.0000000,0.4222777,1.0000000,0.7549270,0.5403160,0.5126540,0.5874292,0.4032226,0.4050615
318,0.9908076,1.0000000,1.0000000,0.6793553,0.5021435,0.6227270,0.8466812,0.4528535,0.3095835
319,1.0000000,0.6526601,0.9687500,0.7442767,0.4642585,0.3048065,0.6423339,0.6404223,0.2044150
320,0.7832230,0.7500928,1.0000000,0.5168052,0.5823893,0.6264525,0.7508481,0.5515608,0.1902449
321,1.0000000,1.0000000,0.9687500,0.8294066,0.6519451,0.3885449,0.7760797,0.2705826,0.2227076
322,0.6884430,1.0000000,1.0000000,0.8031045,0.5191554,0.3806329,0.8243532,0.5509872,0.4061556
323,1.0000000,0.5099889,1.0000000,0.8390735,0.6675653,0.5993272,0.6841487,0.4409322,0.3972342
324,0.7781759,0.2919687,1.0000000,0.9181775,0.6650452,0.3140661,0.6567578,0.6484868,0.6187094
325,0.9654015,0.1931842,1.0000000,0.7574736,0.8516763,0.5331327,0.8236231,0.3122308,0.2542728
326,1.0000000,0.3149919,1.0000000,0.9224829,0.6265739,0.6310982,0.6840492,0.8973055,0.3656562
327,0.7950194,1.0000000,1.0000000,0.9532765,0.8188656,0.4348090,0.5067380,0.8003608,0.1080721
328,0.9534926,0.5126244,1.0000000,0.4625779,0.5984813,0.3318395,0.8443759,0.7890193,0.4752747
329,0.6882888,1.0000000,0.9687500,0.8862656,0.8181271,0.5992092,0.7584027,0.7780596,0.3672165
330,0.6779782,0.5681286,0.9687500,0.7224886,0.6199359,0.4469810,0.6788959,0.5533901,0.3698004
331,0.9046696,1.0000000,1.0000000,0.7114526,0.7460966,0.2191906,0.7500735,0.7654250,0.2931210
332,0.9819263,0.7840866,1.0000000,0.8554706,0.6717361,0.7232202,0.6780794,0.7570479,0.4355591
333,0.9101036,1.0000000,1.0000000,0.7456180,0.7093579,0.4390887,0.7145088,0.7519408,0.7558124
334,1.0000000,0.3368118,1.0000000,0.6813111,0.5752510,0.3997648,0.7190778,0.5645983,0.4258459
335,0.9184813,0.7672286,1.0000000,0.6153833,0.6648473,0.6282619,0.8100166,0.3278521,0.4744971
336,1.0000000,0.4597008,0.9062500,0.8132984,0.8647377,0.5495623,0.8038934,0.6501718,0.3804471
337,0.7909136,0.5185548,1.0000000,0.5784589,0.6188349,0.5233274,0.4968143,0.5056009,0.0936581
338,0.9875723,0.1826836,1.0000000,0.4230943,0.7168463,0.6857038,0.8322943,0.7013850,0.4952411
339,1.0000000,0.7899206,1.0000000,0.7444065,0.6638426,0.6301385,0.7759980,0.7658801,0.1183813
340,0.9089941,1.0000000,0.9687500,0.8109202,0.8518544,0.6931842,0.8108065,0.5869839,0.5070705
341,1.0000000,0.3759900,1.0000000,0.8928716,0.7013674,0.4156247,0.7728164,0.7384095,0.3916231
342,1.0000000,0.6266934,1.0000000,0.8280039,0.5968847,0.5651843,0.6300922,0.7779155,0.3137637
343,0.9336150,0.3920725,1.0000000,0.6084081,0.7411347,0.7609481,0.8330736,0.5408042,0.1280079
344,0.9616471,0.4320412,1.0000000,0.8342434,0.6470847,0.4366252,0.8005827,0.6541820,0.1988132
345,0.9856974,0.7319434,1.0000000,0.4988128,0.5565563,0.6856778,0.7119984,0.4328352,0.3442546
346,1.0000000,0.5225127,1.0000000,0.6778680,0.5985996,0.3957464,0.5606624,0.6295373,0.3511408
347,0.9803162,1.0000000,0.9687500,0.5500473,0.5610956,0.3456301,0.7290887,0.6966618,0.3842863
348,0.9554726,0.1272728,1.0000000,0.8991394,0.5325228,0.6254681,0.8626346,0.6596151,0.4187218
349,0.6886983,0.1652114,1.0000000,0.5681023,0.6757719,0.3034136,0.6738295,0.6951605,0.5702230
350,0.9007153,0.3675370,1.0000000,0.7456490,0.4310074,0.6684116,0.9203789,0.2928022,0.5384744
351,0.9906097,0.1007184,1.0000000,0.5627396,0.6860255,0.6909970,0.8481474,0.3420069,0.3265740
352,0.9706525,0.5242949,0.9687500,0.7379928,0.8965668,0.6323864,0.7802457,0.6620579,0.2319708
353,0.9841928,0.5843855,1.0000000,0.8317125,0.4820151,0.5212285,0.8474679,0.2135566,0.4729379
354,1.0000000,0.5161357,0.9687500,0.4761875,0.7688129,0.4318692,0.8236941,0.6673770,0.3414774
355,1.0000000,0.5534110,1.0000000,0.5873193,0.5595675,0.6531966,0.7994571,0.7887801,0.3226335
356,0.9654936,0.4920428,1.0000000,0.6812796,0.6893339,0.6255540,0.5410136,0.4034128,0.4212320
357,1.0000000,0.3743730,1.0000000,0.8127291,0.7368804,0.5153592,0.5195790,0.5601480,0.4358441
358,0.9658713,0.6897808,0.9687500,0.9015685,0.7251929,0.4246213,0.6263195,0.7677429,0.1507467
359,0.9868502,0.1390962,1.0000000,0.8860220,0.8500297,0.3166672,0.7056448,0.4691725,0.3670638
360,0.9233429,0.5901723,1.0000000,0.8249786,0.3690423,0.4249303,0.9020634,0.6787609,0.1989961
361,0.9899252,0.5103317,1.0000000,0.9261577,0.5668430,0.4252435,0.8310630,0.6170307,0.1599019
362,1.0000000,0.5692874,1.0000000,0.8640775,0.4982855,0.4638428,0.5461599,0.3182103,0.4060527
363,0.6164857,0.6050678,1.0000000,0.6617679,0.7670935,0.4957759,0.6600796,0.8062459,0.3027785
364,0.9522034,0.4401623,1.0000000,0.6121128,0.5758740,0.2321819,0.6461744,0.5561930,0.1357027
365,1.0000000,0.2070331,1.0000000,0.8722272,0.6249414,0.3905188,0.6373132,0.6046417,0.3572737
366,1.0000000,0.4931041,0.9375000,0.8458517,0.6197597,0.4313290,0.8423028,0.6906215,0.3260658
367,0.8868798,0.1496403,1.0000000,0.7427762,0.7859905,0.4154599,0.8052050,0.6053561,0.5508514
368,1.0000000,0.5715181,0.9687500,0.8268610,0.6292343,0.7370710,0.7614571,0.7234104,0.3118870
369,1.0000000,0.4442418,0.9687500,0.4929830,0.7082668,0.7173577,0.5194679,0.6959412,0.5276425
370,0.9794025,0.4766041,1.0000000,0.6312531,0.4203192,0.5170398,0.8029238,0.9124020,0.1650741
371,0.9198915,0.4528513,0.9375000,0.8130652,0.6570368,0.5264661,0.6913394,0.9050666,0.4678046
372,1.0000000,0.6121946,1.0000000,0.7083915,0.7534305,0.4970755,0.7150049,0.3647955,0.4286976
373,0.9866877,0.3178677,0.9375000,0.4998095,0.5425014,0.3658622,0.7371227,0.5939903,0.2289287
374,0.9575954,1.0000000,0.9687500,0.8778275,0.5536408,0.5626356,0.6715448,0.5512390,0.4763412
375,1.0000000,0.1321678,1.0000000,0.7412095,0.6209046,0.4376201,0.5645484,0.5813616,0.3949813
376,0.6560734,0.1864237,1.0000000,0.8208084,0.6410279,0.0838718,0.8468976,0.5502494,0.3924717
377,0.9883325,0.0392230,1.0000000,0.8300633,0.2700141,0.5549715,0.8295876,0.7215787,0.2058573
378,1.0000000,0.6618386,1.0000000,0.4113011,0.7750719,0.5950379,0.7523752,0.4194296,0.2217519
379,0.9803762,0.5514648,0.9687500,0.8617038,0.7233706,0.4262593,0.4633723,0.5895355,0.6309299
380,1.0000000,0.5115721,1.0000000,0.8730539,0.5893465,0.2448616,0.8483039,0.7467764,0.1682009
381,0.9871298,0.4528137,0.9687500,0.7454184,0.6551901,0.6973210,0.7162049,0.3322728,0.3691598
382,0.9905503,0.1369538,1.0000000,0.3918560,0.7934294,0.3830764,0.9236380,0.5608836,0.3807481
383,0.9896557,0.5976046,1.0000000,0.7765820,0.4894636,0.7195924,0.9260296,0.6059993,0.4982340
384,1.0000000,0.6126667,1.0000000,0.7872256,0.8902771,0.7537830,0.5404600,0.4374032,0.4084373
385,1.0000000,1.0000000,0.9687500,0.8218418,0.8099494,0.3279799,0.6562655,0.4637797,0.6436541
386,0.9720572,0.5319028,1.0000000,0.9620179,0.7188623,0.1660479,0.7210665,0.6006405,0.5546521
387,1.0000000,0.5096587,1.0000000,0.5982865,0.5567839,0.2329841,0.5324641,0.6968215,0.4273881
388,1.0000000,0.6297194,0.9687500,0.7862325,0.7506719,0.5858164,0.6204731,0.7452722,0.7163917
389,0.9453776,0.1131957,1.0000000,0.9018600,0.7974849,0.5704085,0.8517544,0.3256516,0.6739874
390,0.9273342,0.2243640,1.0000000,0.8660679,0.5836397,0.3848854,0.6939609,0.4142789,0.6612681
391,0.9686425,1.0000000,1.0000000,0.8147451,0.5476386,0.4757650,0.5932311,0.4489165,0.2370387
392,0.7194085,0.3184887,1.0000000,0.8332117,0.6579737,0.3661822,0.6383544,0.8129581,0.3574697
393,0.9895843,0.4588677,1.0000000,0.8732846,0.7294055,0.7051501,0.5289845,0.3330249,0.2183848
394,0.9284449,0.3601088,1.0000000,0.6375834,0.4027293,0.4507452,0.7176511,0.5909074,0.3438135
395,1.0000000,0.3281612,1.0000000,0.7446669,0.8175135,0.5836156,0.7209372,0.4614432,0.2436253
396,1.0000000,0.3945606,0.9687500,0.6555763,0.8438087,0.1555174,0.7889013,0.5775637,0.7320703
397,1.0000000,1.0000000,1.0000000,0.6920428,0.7635783,0.6068475,0.8217834,0.5339417,0.2355098
398,0.9906468,1.0000000,1.0000000,0.7449469,0.4944779,0.3673458,0.5133173,0.8081169,0.3550061
399,0.9763020,0.0748572,0.9687500,0.8206759,0.6305963,0.4006371,0.6569651,0.6963712,0.0844632
400,1.0000000,0.3151420,0.9687500,0.7743109,0.7115709,0.6277095,0.8288390,0.5332406,0.1746872
401,0.9780848,0.5647898,1.0000000,0.6957590,0.2477111,0.3196426,0.6528223,0.2677507,0.2226758
402,1.0000000,0.5134557,0.9375000,0.7986536,0.4616478,0.5174236,0.5280359,0.7893176,0.4788589
403,0.9177474,0.1256254,1.0000000,0.6563970,0.8144877,0.4794349,0.9102661,0.8185637,0.3384974
404,0.8600764,0.6164886,0.9687500,0.7424149,0.6746110,0.5572406,0.8572076,0.5077174,0.4920359
405,1.0000000,0.3366550,1.0000000,0.6695900,0.5908479,0.5022606,0.5377362,0.3689755,0.5232960
406,1.0000000,1.0000000,1.0000000,0.6402499,0.4784354,0.4205903,0.9007600,0.8942352,0.4770866
407,1.0000000,0.5979003,1.0000000,0.6480994,0.6170216,0.6282439,0.7768288,0.8384948,0.2599708
408,0.9430709,0.6016449,1.0000000,0.7319624,0.5067474,0.3731691,0.6532475,0.7879850,0.5078596
409,1.0000000,1.0000000,1.0000000,0.9322222,0.7125201,0.8617202,0.7738432,0.6884858,0.4817791
410,0.9744852,1.0000000,1.0000000,0.7564401,0.8217875,0.5222759,0.7317342,0.3138356,0.3465346
411,1.0000000,0.6585928,1.0000000,0.5547263,0.6079463,0.4269674,0.9101030,0.5543131,0.3858860
412,0.8767488,1.0000000,1.0000000,0.8608170,0.8589144,0.5503142,0.6987721,0.6312566,0.3956175
413,1.0000000,0.5646123,1.0000000,0.7035590,0.5469603,0.6260332,0.7046299,0.3096545,0.6208456
414,1.0000000,0.5417107,0.9375000,0.8239207,0.4133739,0.4765253,0.7779244,0.3935621,0.5013793
415,1.0000000,0.6165080,0.9687500,0.7352341,0.6994648,0.4961921,0.4694064,0.4584642,0.3625778
416,0.9857858,0.6284714,1.0000000,0.8366955,0.6814369,0.4533638,0.5950016,0.6993525,0.2781461
417,1.0000000,0.2284415,1.0000000,0.6663009,0.7536819,0.3915398,0.6057771,0.6696168,0.5027117
418,1.0000000,1.0000000,1.0000000,0.5370289,0.6321220,0.7298082,0.5997010,0.6751272,0.4454893
419,0.6545500,0.6240588,1.0000000,0.8527761,0.4284859,0.7348929,0.5612335,0.4236231,0.2399657
420,0.9249552,0.4363337,1.0000000,0.5252400,0.5678697,0.3822674,0.8403368,0.7365338,0.4121586
421,1.0000000,0.7183726,0.9687500,0.7001868,0.7900480,0.4192532,0.7626225,0.5585633,0.4027713
422,0.9791534,0.2095651,1.0000000,0.8684412,0.7909367,0.6201049,0.5482835,0.3735247,0.2671343
423,0.9273490,1.0000000,1.0000000,0.6775833,0.3838955,0.7405453,0.5890465,0.2301590,0.3194739
424,0.9162385,0.4083332,1.0000000,0.6225985,0.5296707,0.5260376,0.7548495,0.3865197,0.3562409
425,1.0000000,0.3503958,1.0000000,0.5944827,0.6653831,0.8173738,0.5722714,0.7753322,0.4555324
426,0.8931512,0.3835110,1.0000000,0.7237156,0.7609847,0.6466217,0.6659546,0.5831177,0.3984310
427,0.9865052,0.5795787,0.9687500,0.7660135,0.6708572,0.7439606,0.3699865,0.6128138,0.2231285
428,0.6271357,0.6764273,1.0000000,0.7781052,0.2960008,0.3832032,0.6500557,0.6177722,0.4511507
429,0.9665434,0.3202053,1.0000000,0.5652402,0.8161197,0.6544933,0.3994678,0.5985603,0.4578740
430,0.9908069,0.5492915,1.0000000,0.8943408,0.8647515,0.3415937,0.7714762,0.6397395,0.4559673
431,0.9897733,0.3237844,1.0000000,0.7177540,0.8625961,0.4786339,0.7610258,0.3316742,0.5453248
432,1.0000000,0.6188037,0.9687500,0.7349993,0.5712971,0.3482359,0.6507853,0.5461258,0.6196424
433,1.0000000,0.5571048,1.0000000,0.8926690,0.3929911,0.4581222,0.8829616,0.7437201,0.4367604
434,0.6164834,0.4612760,1.0000000,0.6946460,0.7093711,0.3798694,0.5693765,0.6914640,0.4097483
435,1.0000000,1.0000000,0.9687500,0.8013467,0.3980280,0.4612907,0.8000585,0.3393341,0.1140505
436,0.9877697,0.5142717,0.9687500,0.5144328,0.5649840,0.4303043,0.9122459,0.6681967,0.3697865
437,0.9810098,0.7462811,1.0000000,0.7750961,0.7519376,0.4925554,0.7363277,0.5901843,0.3484711
438,1.0000000,0.3474922,1.0000000,0.5043419,0.7859421,0.3631528,0.3526626,0.8240537,0.2556732
439,1.0000000,0.5174158,1.0000000,0.3794172,0.6770826,0.5165968,0.7444160,0.5976459,0.3358781
440,1.0000000,0.4988782,1.0000000,0.5320280,0.6819606,0.7295173,0.7396433,0.4687654,0.3123187
441,0.9804290,0.2376890,1.0000000,0.6732026,0.8069732,0.5271340,0.6451355,0.6708257,0.4978790
442,0.8005449,0.5762086,0.9687500,0.7271666,0.6190743,0.5724331,0.8326048,0.4508659,0.1810063
443,0.9885060,0.6448769,1.0000000,0.8559765,0.8769498,0.3363600,0.4180450,0.5133167,0.1957741
444,0.9166028,1.0000000,1.0000000,0.6562782,0.7002517,0.4080899,0.7765793,0.7065767,0.3929237
445,0.9395484,0.3975938,0.9375000,0.7122762,0.5699590,0.3500247,0.6600799,0.7332659,0.2919343
446,1.0000000,0.4357299,1.0000000,0.7521582,0.4758762,0.4969691,0.8498131,0.6665136,0.5464229
447,1.0000000,1.0000000,1.0000000,0.5038393,0.5276998,0.4783790,0.6626797,0.4163005,0.3421554
448,0.9689205,0.7064481,1.0000000,0.7845370,0.5733275,0.4022406,0.7383640,0.8073463,0.5650021
449,1.0000000,0.6346890,1.0000000,0.8028231,0.7018200,0.5063802,0.7381846,0.7882482,0.4113519
450,0.9766479,0.3866912,0.9687500,0.5647696,0.5787651,0.8899720,0.9513240,0.4566343,0.3531320
451,0.9291696,0.4272944,0.9375000,0.7203247,0.3452122,0.1306833,0.5826568,0.7224724,0.4896737
452,0.9419644,1.0000000,0.9375000,0.7689134,0.5128250,0.4521582,0.8915317,0.6796363,0.5663360
453,0.9826640,0.5015409,1.0000000,0.7580991,0.6046187,0.6328218,0.5399928,0.8499595,0.4887232
454,0.9008786,1.0000000,0.9687500,0.8037555,0.7505252,0.5181095,0.6803340,0.6681572,0.3123453
455,0.9818724,0.0293708,1.0000000,0.7939357,0.7685184,0.4140049,0.7204260,0.4045724,0.4821544
456,0.8210877,0.7782214,1.0000000,0.5989262,0.5658231,0.3471671,0.6260643,0.6546879,0.1554133
457,1.0000000,0.6551886,1.0000000,0.9073635,0.7503774,0.4057038,0.8469364,0.5551258,0.4677181
458,1.0000000,1.0000000,0.9375000,0.8408529,0.2567756,0.3793145,0.7844128,0.5784054,0.4175081
459,1.0000000,0.0340109,1.0000000,0.7151456,0.5280425,0.7998519,0.8911766,0.4635785,0.2023724
460,0.8813302,0.5247454,1.0000000,0.7782035,0.1767442,0.4852090,0.5471750,0.7201812,0.4588650
461,0.9739166,0.4482859,1.0000000,0.9016208,0.8565522,0.5597759,0.4328620,0.8911231,0.1788047
462,1.0000000,0.5546244,1.0000000,0.6466567,0.7396921,0.7293818,0.6788916,0.5773712,0.3231975
463,1.0000000,0.3042503,1.0000000,0.8303266,0.7353319,0.4271807,0.7287104,0.7596305,0.2909180
464,0.9404817,0.6445182,0.9687500,0.8006404,0.7171165,0.5352203,0.8472175,0.5464134,0.1870545
465,0.9514938,0.2217552,1.0000000,0.9058157,0.6424885,0.4567581,0.8119285,0.6265576,0.2964569
466,0.9788144,0.0754727,0.9375000,0.7450032,0.4918558,0.6898481,0.6063555,0.6387878,0.4982480
467,1.0000000,0.5635419,1.0000000,0.8162348,0.7681563,0.4348464,0.4509606,0.4872909,0.1354870
468,1.0000000,0.0705433,0.9687500,0.6217412,0.7472880,0.5415610,0.5874533,0.5888409,0.3040038
469,0.9110748,1.0000000,0.9687500,0.5900025,0.7090945,0.4645832,0.7733533,0.7391942,0.6184581
470,0.9361539,0.5753828,1.0000000,0.9123679,0.4534418,0.5264379,0.7631612,0.7005630,0.3236678
471,0.9223680,0.4606477,1.0000000,0.4714051,0.7275490,0.5334450,0.6032272,0.5360760,0.5569634
472,1.0000000,1.0000000,0.9687500,0.7479824,0.8916514,0.4478496,0.6258023,0.6577972,0.7434688
473,0.9898334,0.6093979,1.0000000,0.8732649,0.7425495,0.5880029,0.5846703,0.3972031,0.3124334
474,0.9579914,0.4084594,1.0000000,0.6710696,0.5063684,0.3105471,0.6263435,0.5651398,0.6955651
475,1.0000000,0.3688942,1.0000000,0.7047037,0.6123108,0.4019002,0.7651248,0.7048031,0.2495839
476,1.0000000,1.0000000,1.0000000,0.4539012,0.7764876,0.4628322,0.8932407,0.5506259,0.1173991
477,0.8057694,0.7119276,0.9687500,0.7789160,0.6658572,0.3404995,0.5134816,0.6731969,0.4964094
478,0.9571827,0.0866473,1.0000000,0.5699188,0.6809422,0.7714117,0.6035415,0.5436280,0.1294082
479,1.0000000,1.0000000,1.0000000,0.6191281,0.7500828,0.6318797,0.5219834,0.6831090,0.6019319
480,0.9735295,0.6872981,0.9687500,0.9763329,0.8356951,0.3058485,0.8271028,0.4736571,0.5313558
481,0.9598973,1.0000000,0.9375000,0.6467416,0.7642324,0.4444806,0.6236750,0.7294273,0.2292650
482,1.0000000,0.6972497,1.0000000,0.8466830,0.9104871,0.4639161,0.6019716,0.4684719,0.3592353
483,0.7846665,0.4659344,1.0000000,0.7475728,0.3690304,0.5168860,0.5674467,0.7163320,0.2773553
484,0.9783071,1.0000000,1.0000000,0.8428447,0.6536948,0.3583815,0.5947728,0.5586139,0.2997635
485,0.9608585,0.6152842,1.0000000,0.6131443,0.4569746,0.5995662,0.8279222,0.6258581,0.5222625
486,1.0000000,0.2584948,1.0000000,0.6133184,0.8458273,0.4719896,0.8627804,0.5570026,0.2921054
487,0.7698096,0.2335012,1.0000000,0.5919818,0.6074175,0.5885388,0.7780192,0.7601201,0.5022944
488,1.0000000,0.6402082,1.0000000,0.7579390,0.6384318,0.1973685,0.7981784,0.6962644,0.2479500
489,1.0000000,1.0000000,0.9687500,0.8489698,0.6869445,0.2501948,0.4501185,0.5291785,0.3026358
490,1.0000000,0.4518276,1.0000000,0.6450890,0.3574229,0.6935859,0.7482701,0.6523710,0.3300156
491,1.0000000,0.5404388,1.0000000,0.5209731,0.8686674,0.6727028,0.8700442,0.5102013,0.3162818
492,0.9587364,1.0000000,1.0000000,0.7708036,0.6509952,0.6398692,0.8959429,0.3598971,0.5679285
493,0.9749122,0.4169751,1.0000000,0.7565618,0.6655985,0.2501504,0.6011010,0.4264944,0.3734809
494,0.9843669,0.6894587,1.0000000,0.7752510,0.6534503,0.3236813,0.6734265,0.6192536,0.3288959
495,0.8493916,0.3041017,1.0000000,0.4998502,0.6371828,0.7598837,0.6224136,0.6415444,0.3640530
496,0.9657298,0.5885989,0.9687500,0.9138104,0.4644595,0.6613873,0.5592952,0.5619950,0.3120701
497,0.9608335,0.3829227,1.0000000,0.9566089,0.5986702,0.4689555,0.8885104,0.6627496,0.3025881
498,0.7984105,0.4751145,1.0000000,0.7085321,0.7683161,0.5698426,0.7459947,0.5291552,0.4341983
499,0.8705720,0.5186820,1.0000000,0.8100576,0.5811470,0.4372010,0.8365069,0.6041596,0.2273467
